weight,totalWeight

10,10

2,12

34,46

234,280

23,303

4,307

23,330

4,334

234,568

23,591

